This is a clone of the classic game Space Invaders.
I wrote this for one of my Java classes and it's pretty straight foward and simple.
Space Invaders and their likeness, sounds, etc is a Copyright of Taito and this work is meant in no way to infringe on them.
If you are the Copyright holder and wish this removed please contact me.


//ship
{0,0,0,0,0,0,1,0,0,0,0,0,0},
{0,0,0,0,0,1,1,1,0,0,0,0,0},
{0,0,0,0,0,1,1,1,0,0,0,0,0},
{0,1,1,1,1,1,1,1,1,1,1,1,0},
{1,1,1,1,1,1,1,1,1,1,1,1,1},
{1,1,1,1,1,1,1,1,1,1,1,1,1},
{1,1,1,1,1,1,1,1,1,1,1,1,1},
{1,1,1,1,1,1,1,1,1,1,1,1,1}

//invader1.1
{0,0,0,0,1,1,1,1,0,0,0,0},
{0,1,1,1,1,1,1,1,1,1,1,0},
{1,1,1,1,1,1,1,1,1,1,1,1},
{1,1,1,0,0,1,1,0,0,1,1,1},
{1,1,1,1,1,1,1,1,1,1,1,1},
{0,0,1,1,1,0,0,1,1,1,0,0},
{0,1,1,0,0,1,1,0,0,1,1,0},
{0,0,1,1,0,0,0,0,1,1,0,0}

//invader1.2
{0,0,0,0,1,1,1,1,0,0,0,0},
{0,1,1,1,1,1,1,1,1,1,1,0},
{1,1,1,1,1,1,1,1,1,1,1,1},
{1,1,1,0,0,1,1,0,0,1,1,1},
{1,1,1,1,1,1,1,1,1,1,1,1},
{0,0,0,1,1,0,0,1,1,0,0,0},
{0,0,1,1,0,1,1,0,1,1,0,0},
{1,1,0,0,0,0,0,0,0,0,1,1}

//invader2.1
{0,0,1,0,0,0,0,0,1,0,0},
{0,0,0,1,0,0,0,1,0,0,0},
{0,0,1,1,1,1,1,1,1,0,0},
{0,1,1,0,1,1,1,0,1,1,0},
{1,1,1,1,1,1,1,1,1,1,1},
{1,0,1,1,1,1,1,1,1,0,1},
{1,0,1,0,0,0,0,0,1,0,1},
{0,0,0,1,1,0,1,1,0,0,0}

//invader2.2
{0,0,1,0,0,0,0,0,1,0,0},
{1,0,0,1,0,0,0,1,0,0,1},
{1,0,1,1,1,1,1,1,1,0,1},
{1,1,1,0,1,1,1,0,1,1,1},
{1,1,1,1,1,1,1,1,1,1,1},
{0,1,1,1,1,1,1,1,1,0,1},
{0,0,1,0,0,0,0,0,1,0,0},
{0,1,0,0,0,0,0,0,0,1,0}

//invader3.1
{0,0,0,1,1,0,0,0},
{0,0,1,1,1,1,0,0},
{0,1,1,1,1,1,1,0},
{1,1,0,1,1,0,1,1},
{1,1,1,1,1,1,1,1},
{0,1,0,1,1,0,1,0},
{1,0,0,0,0,0,0,1},
{0,1,0,0,0,0,1,0}

//invader3.2
{0,0,0,1,1,0,0,0},
{0,0,1,1,1,1,0,0},
{0,1,1,1,1,1,1,0},
{1,1,0,1,1,0,1,1},
{1,1,1,1,1,1,1,1},
{0,0,1,0,0,1,0,0},
{0,1,0,1,1,0,1,0},
{1,0,1,0,0,1,0,1}